0 1 83.10748405058476
0 2 79.17610971877686
0 3 76.28890014636312
0 4 29.68894147885819
0 5 59.02912015127366
0 6 14.460766730216523
0 7 90.34345213060678
0 8 29.39819064445024
0 9 10.343208156580562
0 10 87.93230847903226
0 11 71.06005946691748
0 12 84.26625937970257
0 13 67.75534003263624
0 14 3.344286638551641
0 15 2.137819154263343
0 16 47.321630629678936
0 17 49.47735891794653
0 18 97.56639335935088
0 19 86.89723740370084
0 20 36.30279925466687
0 21 84.34440388493528
0 22 13.674398974259216
0 23 8.105888590188549
0 24 72.07950449861191
0 25 90.91596556053764
0 26 61.741090750002634
0 27 12.998199204314687
0 28 61.62988895383111
0 29 83.37387409900036
0 30 40.018885671357104
0 31 76.96856538384024
0 32 34.58603227597106
0 33 23.869904117391073
0 34 84.5787519739077
1 2 6.7325131350880145
1 3 62.574504039908184
1 4 29.245519050815048
1 5 85.98297052879708
1 6 32.2180993482944
1 7 95.78117050077314
1 8 65.3130547941045
1 9 49.435680065090374
1 10 77.5568687194151
1 11 45.59236174368104
1 12 88.61776315383054
1 13 76.79239298226697
1 14 5.070800189764146
1 15 29.838317578491203
1 16 74.04336377175568
1 17 91.7290408306961
1 18 86.40121675144646
1 19 71.92042388767592
1 20 30.535369963865765
1 21 14.404993906481266
1 22 17.403031942513223
1 23 58.046981863931265
1 24 37.7264528475733
1 25 44.98813632369239
1 26 44.68622694156975
1 27 19.915336505495585
1 28 7.337889788283314
1 29 52.71537964186721
1 30 19.932878992196844
1 31 91.13252479154589
1 32 81.27881449446915
1 33 74.18976051978095
1 34 63.43404608390212
2 3 62.68625893157049
2 4 87.76016036465802
2 5 93.3654067431298
2 6 98.72444883363578
2 7 65.68251847496313
2 8 23.533173090586157
2 9 39.30370360369274
2 10 75.51097723261181
2 11 93.80981550540824
2 12 47.407829415307546
2 13 43.10836583444103
2 14 34.279030765660714
2 15 55.34359882624936
2 16 32.092147422968495
2 17 30.061721875925706
2 18 1.9705954714058782
2 19 72.21210903513327
2 20 95.58000688434164
2 21 90.03484329665864
2 22 32.88578576314632
2 23 14.041310654924544
2 24 7.1300115454478235
2 25 81.58285239529135
2 26 74.21806405096493
2 27 89.3706933835121
2 28 98.291980103587
2 29 14.680405390919582
2 30 65.11715479653022
2 31 57.52505900304844
2 32 71.23921801465121
2 33 74.60937957377766
2 34 20.885344507896175
3 4 40.524623678398484
3 5 24.103032591883988
3 6 73.1769667733258
3 7 4.602863770626719
3 8 23.27129010790451
3 9 20.453337436453587
3 10 89.37887311686288
3 11 19.440690164368167
3 12 41.47350984333382
3 13 71.42376713009706
3 14 63.36768995346177
3 15 60.067228391980876
3 16 55.26115580402683
3 17 99.40588459155212
3 18 93.7821452951496
3 19 93.71986320054847
3 20 23.52188768673189
3 21 25.908450468993106
3 22 33.49111114347371
3 23 9.517858207178154
3 24 36.87184802550403
3 25 95.56197796957557
3 26 18.63230863353882
3 27 78.5517564214243
3 28 90.55084105058437
3 29 51.87649449266682
3 30 40.32556827976463
3 31 57.24023130350149
3 32 73.39603274734118
3 33 64.73245841718375
3 34 25.135737963422354
4 5 57.02361251016609
4 6 55.60124620194456
4 7 74.07342814252034
4 8 70.83434551275641
4 9 74.75223685436406
4 10 22.295652393301868
4 11 58.31113332833042
4 12 24.392381798598674
4 13 94.501708357595
4 14 36.61047989157304
4 15 26.79401572512229
4 16 27.78738146304679
4 17 53.00989111553122
4 18 79.64965644388157
4 19 65.35371685169274
4 20 12.767567860199748
4 21 58.60249273277402
4 22 78.6166697963893
4 23 79.61931522889437
4 24 9.16157437911076
4 25 31.063632909239146
4 26 27.2835225709387
4 27 25.067331003468894
4 28 83.62528212535261
4 29 25.14361172206222
4 30 31.623053523848544
4 31 82.22139179816051
4 32 46.63684586380255
4 33 44.423377225281804
4 34 62.79052846326455
5 6 81.89522359488659
5 7 93.81106163601721
5 8 97.86294116984097
5 9 15.769087733684762
5 10 12.856071260155854
5 11 24.2130908493159
5 12 56.316648540453464
5 13 20.564271820188907
5 14 5.7358483813943035
5 15 86.90362794626367
5 16 54.387242450677334
5 17 90.06228980918613
5 18 59.98579199344347
5 19 65.66538264564608
5 20 55.72684743883269
5 21 44.074790425902556
5 22 9.965396500886092
5 23 80.08308468835162
5 24 37.838805986490996
5 25 87.91747679095766
5 26 89.83444554457634
5 27 71.28275409354978
5 28 33.73568303424675
5 29 49.88279610759473
5 30 10.251784545637843
5 31 69.4304886968087
5 32 85.72501626216491
5 33 72.14336181098813
5 34 76.15762708349396
6 7 69.89976041750673
6 8 5.027210159246353
6 9 37.329973265653024
6 10 90.80756406048982
6 11 90.85573096678004
6 12 87.92894678463827
6 13 36.95262384041902
6 14 45.386753088014366
6 15 5.060466649046824
6 16 34.98810468752659
6 17 81.63546767742397
6 18 43.11894892988406
6 19 4.3561065320653185
6 20 5.156512807265889
6 21 74.98011463801873
6 22 97.00516272002882
6 23 23.645338582846918
6 24 41.827554328496696
6 25 91.57932050476694
6 26 24.685675507946968
6 27 64.83711732757565
6 28 70.71914437623202
6 29 41.79233806525544
6 30 16.46777566300762
6 31 67.13195121039826
6 32 92.92701636694126
6 33 7.099482860674677
6 34 60.943953461195576
7 8 22.61805934440457
7 9 43.04108320694301
7 10 10.034972733369397
7 11 0.43155734104576293
7 12 6.019357012528259
7 13 31.475990893693695
7 14 27.791649848425482
7 15 6.69758174459516
7 16 78.52058202557896
7 17 48.80543719791668
7 18 87.98018276434112
7 19 49.41035726251174
7 20 69.73297733541487
7 21 84.43685889503709
7 22 65.43207820038297
7 23 78.26265512687873
7 24 96.25918435613765
7 25 14.66191073969979
7 26 8.147848335987284
7 27 16.491988587335648
7 28 98.49044953694002
7 29 38.837329983601244
7 30 88.91424708067296
7 31 46.222864130247956
7 32 45.45859641288422
7 33 35.669364757633005
7 34 75.00637897649489
8 9 74.72490960040273
8 10 76.32427644928075
8 11 43.916844466443
8 12 81.55885322089946
8 13 55.15661782921819
8 14 26.409955180212684
8 15 96.61378220130216
8 16 52.94632622892408
8 17 51.47589428488105
8 18 43.71027146577238
8 19 48.247758179033774
8 20 68.39856653693309
8 21 10.689172108119017
8 22 67.6648839145323
8 23 99.75320517896196
8 24 33.05580927298909
8 25 39.676241938867676
8 26 38.76230934697481
8 27 39.22053620761133
8 28 49.215996348763525
8 29 92.34575366573651
8 30 40.79718476245253
8 31 53.73187125224147
8 32 59.16103647832397
8 33 85.27996297137452
8 34 7.34839663577409
9 10 64.6984054148325
9 11 56.475935386938914
9 12 93.0805381762808
9 13 33.0961182806058
9 14 99.32897622842113
9 15 84.33608190013724
9 16 99.46626988035776
9 17 26.210667522852848
9 18 23.956515492280893
9 19 24.015520349027565
9 20 88.00709142881048
9 21 79.71319467205723
9 22 81.37371993382716
9 23 46.89108708682733
9 24 47.85196795499678
9 25 54.07982165861266
9 26 43.73618965767613
9 27 57.90271835090596
9 28 81.15629651178229
9 29 13.572526184328682
9 30 69.89540027036647
9 31 61.85700813599853
9 32 17.371325352459955
9 33 26.565880802190712
9 34 66.42487697158548
10 11 71.10524945834301
10 12 26.37173878173834
10 13 0.6474053077223929
10 14 95.41796045522975
10 15 62.438125801912115
10 16 2.5405086278352362
10 17 82.86797088804856
10 18 98.04837022025492
10 19 86.49265645084401
10 20 68.2561238022997
10 21 93.95798004382478
10 22 86.39260000462639
10 23 89.60509505695143
10 24 38.715291331989256
10 25 32.330515484137436
10 26 69.15400860309113
10 27 54.04955084521805
10 28 57.294939921135146
10 29 34.25156993235405
10 30 1.8669390445522294
10 31 99.80584252527525
10 32 94.67682260635505
10 33 76.76827521014944
10 34 24.69182066171549
11 12 39.47317866898909
11 13 11.66373461525535
11 14 57.27038067125362
11 15 2.079907036938944
11 16 14.85410860657047
11 17 91.45028843516762
11 18 64.84301591255345
11 19 92.98139470324932
11 20 15.152946911362386
11 21 82.85372655137712
11 22 27.05955272945505
11 23 62.702705243514814
11 24 77.19670657014434
11 25 57.22133390851079
11 26 91.48425970617234
11 27 33.91621586252962
11 28 93.70566449798459
11 29 26.344981591497874
11 30 88.80170563987991
11 31 77.9045223553798
11 32 46.90276935161427
11 33 51.331697979167956
11 34 74.32226088767253
12 13 32.779644327098865
12 14 49.54072005536868
12 15 42.734904780136674
12 16 69.13701924810125
12 17 90.80309646737155
12 18 81.03591421140332
12 19 38.12194771266309
12 20 83.47363332982056
12 21 84.29224682040535
12 22 3.559829622476318
12 23 67.0875350060588
12 24 65.46195684933882
12 25 36.51493483953202
12 26 56.45538760661876
12 27 31.59775189665619
12 28 60.14983906909729
12 29 70.03597736642091
12 30 91.61406462204923
12 31 72.97870685709908
12 32 19.256151089053507
12 33 20.580862931399746
12 34 8.848117262817091
13 14 27.713362598450676
13 15 94.2942219409375
13 16 6.207513106311957
13 17 63.955476790878805
13 18 99.36142567127317
13 19 97.2174184448188
13 20 1.191495839995227
13 21 61.02105203846927
13 22 93.97650686266459
13 23 99.7015425292779
13 24 73.23538878717905
13 25 42.31235342249558
13 26 81.81289089557015
13 27 61.59269370211161
13 28 37.00040152701287
13 29 92.80075404060572
13 30 20.52843611926358
13 31 65.44847175331662
13 32 81.26925285180579
13 33 59.54664238905886
13 34 62.65598953039858
14 15 27.934342654631607
14 16 52.792364897231096
14 17 95.19795202952804
14 18 11.066559830986211
14 19 83.10252718768395
14 20 58.15661203430119
14 21 46.188916450524765
14 22 10.731513820189098
14 23 14.199492483951504
14 24 93.31561188591752
14 25 47.64308786118326
14 26 80.83145736540794
14 27 13.395350503836534
14 28 52.35300582277953
14 29 87.23774682183817
14 30 16.7336933198469
14 31 74.31612088376124
14 32 32.97472875703652
14 33 82.41989153259993
14 34 19.812518120991296
15 16 77.37515215815239
15 17 46.35869236570193
15 18 17.877511588693885
15 19 66.82611945755255
15 20 83.64426841288437
15 21 28.826589347301557
15 22 78.09260640708317
15 23 83.790471640262
15 24 1.0613022587962706
15 25 9.126504507549683
15 26 21.319542390181535
15 27 87.69988758420193
15 28 9.463349506587582
15 29 42.19417433818907
15 30 18.598206113888605
15 31 13.772027100401951
15 32 51.50462751979019
15 33 55.947273548646336
15 34 84.9219217374462
16 17 75.54236938890479
16 18 14.599749041551824
16 19 16.09161032543541
16 20 6.860676107896479
16 21 28.02393552162816
16 22 45.16212277365936
16 23 64.60098275636096
16 24 99.0861599129808
16 25 1.3769930559668908
16 26 58.071449237552685
16 27 93.9326713749949
16 28 7.159697744590055
16 29 62.317320302099525
16 30 64.58506118594848
16 31 53.97080496253304
16 32 51.676550947793785
16 33 49.7078177091274
16 34 70.48903032841194
17 18 31.110403965157285
17 19 49.03618501692387
17 20 45.11606854683492
17 21 98.97504623836318
17 22 25.150384150632586
17 23 79.83794130831589
17 24 48.11346674756043
17 25 1.8728901239836615
17 26 39.95604424743231
17 27 85.6144607393689
17 28 16.530568930742085
17 29 1.220536561629948
17 30 11.302449784594648
17 31 19.75021506567669
17 32 32.57120143928706
17 33 16.202030658552825
17 34 40.731696131781504
18 19 58.301252552260344
18 20 35.268278628663175
18 21 85.64404867927267
18 22 91.98231732672305
18 23 96.2846050390922
18 24 34.835451164017805
18 25 56.78350189874274
18 26 96.62690667426736
18 27 78.59126819508879
18 28 57.418941463379134
18 29 24.435763469298564
18 30 63.10540955601229
18 31 31.05029400572159
18 32 18.403578988387103
18 33 15.618288414230674
18 34 32.19328795465989
19 20 32.62700235206525
19 21 17.28609301484376
19 22 99.57882982041194
19 23 86.1782726021067
19 24 95.36330422967681
19 25 96.26688882173795
19 26 71.14858981145247
19 27 16.78826260667491
19 28 33.89695443453867
19 29 22.93702119779398
19 30 81.56149923890776
19 31 11.93444941403854
19 32 20.05234035629848
19 33 93.13180295585106
19 34 22.69635793857959
20 21 52.00747889374851
20 22 99.76274269739567
20 23 8.191998500250385
20 24 78.73296044880722
20 25 68.86318504015834
20 26 68.66233891788428
20 27 12.664716511222407
20 28 59.647575124450036
20 29 82.54115243109635
20 30 26.3875367614015
20 31 26.836988801738936
20 32 68.69542050736948
20 33 80.92488122921394
20 34 40.567300528268056
21 22 28.53264381310464
21 23 41.76555557262276
21 24 50.14665116620275
21 25 19.167383537398198
21 26 30.612439491524558
21 27 22.538366526451682
21 28 79.09623143054525
21 29 23.290442252201004
21 30 57.99964295248131
21 31 8.927303375262696
21 32 30.84266437937826
21 33 62.270619672646696
21 34 7.618135283083949
22 23 35.73344852300318
22 24 69.06680960746705
22 25 83.66848842283063
22 26 67.09654267647103
22 27 54.33183295720014
22 28 87.48458737631412
22 29 84.48807808665552
22 30 44.10213874533797
22 31 43.157723410262335
22 32 36.19336381460996
22 33 79.42780782739987
22 34 43.21425148640895
23 24 7.37813798766328
23 25 11.461813729019477
23 26 47.40191148807421
23 27 7.470409397711919
23 28 52.256019853504334
23 29 15.324773619294952
23 30 52.309018850320385
23 31 72.85088522948409
23 32 91.6792489135892
23 33 66.51157554444951
23 34 93.27645713786427
24 25 88.53800789993583
24 26 38.06592068171549
24 27 71.01848203020027
24 28 61.77243625641087
24 29 24.848726870389836
24 30 7.3691978087325305
24 31 3.0470440220027206
24 32 34.140720267024115
24 33 63.97336042344284
24 34 57.856657662244636
25 26 10.197365865548392
25 27 35.57244348189683
25 28 29.262101762285642
25 29 14.42037595336787
25 30 0.4121755589539755
25 31 63.35618240930718
25 32 62.817267466373515
25 33 93.95006470137214
25 34 8.86908418322443
26 27 27.238575284846767
26 28 31.007400585086444
26 29 96.70473995837958
26 30 51.698716246699085
26 31 74.22171657361355
26 32 86.34657428823557
26 33 27.482639005407904
26 34 22.051534289120834
27 28 69.58049546340035
27 29 87.55157246860043
27 30 82.65995453287358
27 31 37.01263745326929
27 32 79.47220178444383
27 33 23.336068810624667
27 34 31.64922716776054
28 29 53.67001531859816
28 30 59.45307871958432
28 31 61.28648816404787
28 32 11.957329559994944
28 33 59.48586151574599
28 34 21.897667929178244
29 30 13.704748523791132
29 31 69.42859157794105
29 32 51.37124232030024
29 33 4.067051994136395
29 34 24.57989378097999
30 31 11.721319201563096
30 32 84.78665399261199
30 33 14.09655788496087
30 34 51.91986636680288
31 32 97.72993236149364
31 33 39.42864109722532
31 34 73.67346813562737
32 33 34.493418258304175
32 34 71.02412926514278
33 34 19.558296289690745
